Vertices of my letter
(-4, -8, 1, 1)
(-2, -8, 1, 1)
(-2, 0, 1, 1)
(3, 0, 1, 1)
(4, 1, 1, 1)
(4, 7, 1, 1)
(3, 8, 1, 1)
(-4, 8, 1, 1)
(-2, 6, 1, 1)
(2, 6, 1, 1)
(2, 2, 1, 1)
(-2, 2, 1, 1)
(-4, -8, -1, 1)
(-2, -8, -1, 1)
(-2, 0, -1, 1)
(3, 0, -1, 1)
(4, 1, -1, 1)
(4, 7, -1, 1)
(3, 8, -1, 1)
(-4, 8, -1, 1)
(-2, 6, -1, 1)
(2, 6, -1, 1)
(2, 2, -1, 1)
(-2, 2, -1, 1)
-------------------
Rotation Matrix
(0.9787797, 0.09610164, -0.180983, 0)
(-0.180983, 0.8196272, -0.5435591, 0)
(0.09610164, 0.5647794, 0.8196272, 0)
(0, 0, 0, 1)
------------------
Image after Rotation
(-4.864915, -6.376645, -4.083014, 1)
(-2.907356, -6.73861, -3.890811, 1)
(-2.138542, -0.1815931, 0.6274239, 1)
(2.755356, -1.086508, 1.107932, 1)
(3.830237, -0.4478638, 1.768813, 1)
(4.406847, 4.469899, 5.15749, 1)
(3.524169, 5.47051, 5.626167, 1)
(-3.327289, 6.73739, 4.953456, 1)
(-1.561932, 4.73617, 4.0161, 1)
(2.353186, 4.012238, 4.400507, 1)
(1.96878, 0.7337293, 2.141389, 1)
(-1.946339, 1.457661, 1.756983, 1)
(-4.502949, -5.289526, -5.722269, 1)
(-2.545389, -5.651492, -5.530066, 1)
(-1.776576, 0.905525, -1.01183, 1)
(3.117322, 0.0006101429, -0.5313222, 1)
(4.192204, 0.6392543, 0.1295588, 1)
(4.768813, 5.557017, 3.518235, 1)
(3.886135, 6.557628, 3.986913, 1)
(-2.965322, 7.824508, 3.314201, 1)
(-1.199967, 5.823288, 2.376846, 1)
(2.715152, 5.099356, 2.761252, 1)
(2.330746, 1.820848, 0.5021349, 1)
(-1.584373, 2.544779, 0.1177284, 1)
------------------
Scale Matrix
(20, 0, 0, 0)
(0, 5, 0, 0)
(0, 0, 5, 0)
(0, 0, 0, 1)
------------------
Image after Scale
(-97.29829, -31.88322, -20.41507, 1)
(-58.14711, -33.69305, -19.45406, 1)
(-42.77085, -0.9079656, 3.137119, 1)
(55.10712, -5.43254, 5.53966, 1)
(76.60475, -2.239319, 8.844066, 1)
(88.13694, 22.34949, 25.78745, 1)
(70.48338, 27.35255, 28.13084, 1)
(-66.54578, 33.68695, 24.76728, 1)
(-31.23865, 23.68085, 20.0805, 1)
(47.06372, 20.06119, 22.00253, 1)
(39.3756, 3.668647, 10.70695, 1)
(-38.92678, 7.288306, 8.784913, 1)
(-90.05898, -26.44763, -28.61135, 1)
(-50.90779, -28.25746, -27.65033, 1)
(-35.53153, 4.527625, -5.059152, 1)
(62.34644, 0.003050715, -2.656611, 1)
(83.84407, 3.196272, 0.647794, 1)
(95.37627, 27.78509, 17.59118, 1)
(77.7227, 32.78814, 19.93456, 1)
(-59.30645, 39.12254, 16.57101, 1)
(-23.99933, 29.11644, 11.88423, 1)
(54.30305, 25.49678, 13.80626, 1)
(46.61491, 9.104238, 2.510674, 1)
(-31.68746, 12.7239, 0.5886418, 1)
------------------
Translation Matrix
(1, 0, 0, 1)
(0, 1, 0, 2)
(0, 0, 1, -3)
(0, 0, 0, 1)
------------------
Image after Translation
(-96.29829, -29.88322, -23.41507, 1)
(-57.14711, -31.69305, -22.45406, 1)
(-41.77085, 1.092034, 0.1371193, 1)
(56.10712, -3.43254, 2.53966, 1)
(77.60475, -0.2393191, 5.844066, 1)
(89.13694, 24.34949, 22.78745, 1)
(71.48338, 29.35255, 25.13084, 1)
(-65.54578, 35.68695, 21.76728, 1)
(-30.23865, 25.68085, 17.0805, 1)
(48.06372, 22.06119, 19.00253, 1)
(40.3756, 5.668647, 7.706947, 1)
(-37.92678, 9.288305, 5.784913, 1)
(-89.05898, -24.44763, -31.61135, 1)
(-49.90779, -26.25746, -30.65033, 1)
(-34.53153, 6.527625, -8.059153, 1)
(63.34644, 2.003051, -5.656611, 1)
(84.84407, 5.196272, -2.352206, 1)
(96.37627, 29.78509, 14.59118, 1)
(78.7227, 34.78814, 16.93456, 1)
(-58.30645, 41.12254, 13.57101, 1)
(-22.99933, 31.11644, 8.88423, 1)
(55.30305, 27.49678, 10.80626, 1)
(47.61491, 11.10424, -0.4893255, 1)
(-30.68746, 14.7239, -2.411358, 1)
------------------
Transformation Matrix
(19.57559, 1.922033, -3.619659, 1)
(-0.9049149, 4.098136, -2.717795, 2)
(0.4805082, 2.823897, 4.098136, -3)
(0, 0, 0, 1)
------------------
Image After Transformations
(-96.29829, -29.88322, -23.41507, 1)
(-57.14711, -31.69305, -22.45406, 1)
(-41.77085, 1.092034, 0.1371195, 1)
(56.10712, -3.43254, 2.53966, 1)
(77.60475, -0.2393188, 5.844066, 1)
(89.13695, 24.3495, 22.78745, 1)
(71.48338, 29.35255, 25.13084, 1)
(-65.54578, 35.68695, 21.76728, 1)
(-30.23865, 25.68085, 17.0805, 1)
(48.06372, 22.06119, 19.00253, 1)
(40.3756, 5.668647, 7.706946, 1)
(-37.92678, 9.288306, 5.784913, 1)
(-89.05898, -24.44763, -31.61134, 1)
(-49.90779, -26.25746, -30.65033, 1)
(-34.53153, 6.527625, -8.059153, 1)
(63.34644, 2.003051, -5.656611, 1)
(84.84407, 5.196272, -2.352206, 1)
(96.37627, 29.78509, 14.59118, 1)
(78.7227, 34.78814, 16.93456, 1)
(-58.30645, 41.12254, 13.57101, 1)
(-22.99933, 31.11644, 8.884229, 1)
(55.30304, 27.49678, 10.80626, 1)
(47.61491, 11.10424, -0.4893258, 1)
(-30.68746, 14.7239, -2.411359, 1)
------------------
Viewing Matrix
(-0.3064948, -0.8467034, -0.4349185, 22)
(-0.9072245, 0.1215501, 0.4027023, -5)
(-0.2881051, 0.5179949, -0.8054047, 45)
(0, 0, 0, 1)
------------------
Image After Viewing Matrix
(87.0008, 69.30256, 76.12328, 1)
(76.11559, 33.95066, 63.13214, 1)
(33.81828, 33.08349, 57.48962, 1)
(6.605259, -55.29625, 25.01176, 1)
(-4.124511, -73.0806, 17.81087, 1)
(-35.84749, -73.73098, 13.57899, 1)
(-35.69205, -56.16343, 19.36925, 1)
(2.406182, 67.56822, 64.83826, 1)
(2.095299, 32.43311, 53.25774, 1)
(-19.67512, -38.27068, 27.27545, 1)
(1.473534, -37.8371, 30.0967, 1)
(23.24395, 32.8667, 56.07899, 1)
(83.74436, 60.09491, 83.45452, 1)
(72.85915, 24.74301, 70.46337, 1)
(30.56185, 23.87584, 64.82086, 1)
(3.348823, -64.50391, 32.343, 1)
(-7.380947, -82.28825, 25.14211, 1)
(-39.10393, -82.93864, 20.91023, 1)
(-38.94849, -65.37108, 26.70049, 1)
(-0.8502546, 58.36057, 72.16949, 1)
(-1.161137, 23.22546, 60.58898, 1)
(-22.93156, -47.47834, 34.60669, 1)
(-1.782901, -47.04475, 37.42794, 1)
(19.98752, 23.65905, 63.41024, 1)
------------------
Projection Matrix
(1, 0, 0, 0)
(0, 1, 0, 0)
(0, 0, -1.002002, -2.002002)
(0, 0, -1, 0)
------------------
Final Image
(87.0008, 69.30256, -78.27769, -76.12328)
(76.11559, 33.95066, -65.26053, -63.13214)
(33.81828, 33.08349, -59.60672, -57.48962)
(6.605259, -55.29625, -27.06384, -25.01176)
(-4.124511, -73.0806, -19.84853, -17.81087)
(-35.84749, -73.73098, -15.60818, -13.57899)
(-35.69205, -56.16343, -21.41003, -19.36925)
(2.406182, 67.56822, -66.97006, -64.83826)
(2.095299, 32.43311, -55.36636, -53.25774)
(-19.67512, -38.27068, -29.33206, -27.27545)
(1.473534, -37.8371, -32.15896, -30.0967)
(23.24395, 32.8667, -58.19327, -56.07899)
(83.74436, 60.09491, -85.6236, -83.45452)
(72.85915, 24.74301, -72.60644, -70.46337)
(30.56185, 23.87584, -66.95264, -64.82086)
(3.348823, -64.50391, -34.40976, -32.343)
(-7.380947, -82.28825, -27.19445, -25.14211)
(-39.10393, -82.93864, -22.9541, -20.91023)
(-38.94849, -65.37108, -28.75595, -26.70049)
(-0.8502546, 58.36057, -74.31598, -72.16949)
(-1.161137, 23.22546, -62.71228, -60.58898)
(-22.93156, -47.47834, -36.67797, -34.60669)
(-1.782901, -47.04475, -39.50488, -37.42794)
(19.98752, 23.65905, -65.53918, -63.41024)
------------------
Matrix of Everything
(-5.442605, -5.287164, 1.628218, 21.30485)
(-17.67595, -0.1083967, 4.603825, -6.872231)
(6.508577, 0.7067258, 3.672958, -50.26252)
(6.495573, 0.7053137, 3.66562, -48.1641)
------------------
Image After Everything
(87.0008, 69.30257, -78.27768, -76.12328)
(76.11559, 33.95066, -65.26053, -63.13213)
(33.81828, 33.08349, -59.60672, -57.48962)
(6.605258, -55.29625, -27.06384, -25.01176)
(-4.12451, -73.0806, -19.84853, -17.81087)
(-35.84749, -73.73098, -15.60818, -13.57899)
(-35.69205, -56.16343, -21.41003, -19.36925)
(2.40618, 67.56821, -66.97007, -64.83826)
(2.095298, 32.43311, -55.36636, -53.25774)
(-19.67512, -38.27068, -29.33206, -27.27545)
(1.473535, -37.8371, -32.15896, -30.0967)
(23.24395, 32.8667, -58.19327, -56.07899)
(83.74436, 60.09491, -85.6236, -83.45451)
(72.85915, 24.74302, -72.60645, -70.46337)
(30.56184, 23.87584, -66.95264, -64.82086)
(3.348822, -64.50391, -34.40975, -32.343)
(-7.380947, -82.28825, -27.19445, -25.14211)
(-39.10393, -82.93863, -22.95409, -20.91023)
(-38.94849, -65.37108, -28.75595, -26.70049)
(-0.8502563, 58.36057, -74.31598, -72.16949)
(-1.161138, 23.22546, -62.71228, -60.58898)
(-22.93156, -47.47833, -36.67797, -34.60669)
(-1.782901, -47.04475, -39.50488, -37.42794)
(19.98752, 23.65905, -65.53918, -63.41023)
------------------
